	A549	CAL-12T	Calu-3	DMS153	DMS53	H1299	H1355	H1437	H1650	H1666	H1703	H1734	H1781	H1792	H1944	H1975	H209	H2106	H2228	H23	H2342	H2405	H358	H441	H446	H460	H524	H526	H661	H69	H82	H838	HCC15	HCC44	HCC78	HCC827	Lou-NH91
A549	0.0	0.314915308391	0.294650300253	0.482230061808	0.35131324375	0.279609981482	0.340183820673	0.382451763051	0.314526695417	0.277969642758	0.284146107365	0.314317263438	0.356852864716	0.204181350787	0.403392189824	0.281976339705	0.515012195276	0.4285770751	0.305125730422	0.274470890669	0.337386412191	0.288454258697	0.344440988604	0.334299572087	0.300669860587	0.248786582872	0.428592882783	0.475999587988	0.288288672427	0.45909759594	0.549893118771	0.279124455788	0.263739456896	0.26682076824	0.364933889347	0.348051681716	0.336117378055
CAL-12T	0.314915308391	0.0	0.281286495244	0.519281238793	0.362790817419	0.286348340508	0.339352494843	0.28611224395	0.347328319145	0.25104361287	0.279307685072	0.287178544167	0.274611337231	0.329587387554	0.45039460987	0.308391629409	0.511457115514	0.437877872315	0.327697548178	0.338651121001	0.319330194094	0.230862217218	0.294697093287	0.321708655453	0.298736685618	0.263235078794	0.434485040673	0.445671942819	0.291528741728	0.476759775317	0.536352088842	0.296675733364	0.267029170224	0.185858189392	0.295105806459	0.305694991186	0.325445680399
Calu-3	0.294650300253	0.281286495244	0.0	0.485497618384	0.344631384275	0.298325853054	0.394512596929	0.353040423998	0.307306605464	0.270805115876	0.279634060937	0.226270538329	0.262087324025	0.358242763457	0.38789718754	0.27935409708	0.55984668497	0.493195453231	0.293875888472	0.416405678845	0.306253166871	0.253971910113	0.288649705655	0.25304668054	0.307489601596	0.277809253028	0.466105160836	0.436624669123	0.342133145645	0.499428870803	0.571177535602	0.326856214824	0.253544827091	0.271343601838	0.245711093213	0.190075610263	0.314415519426
DMS153	0.482230061808	0.519281238793	0.485497618384	0.0	0.475010190913	0.485080390678	0.539298173583	0.423623234963	0.495371467095	0.448605676041	0.445408223261	0.454599923335	0.496440121297	0.501335485736	0.506000352227	0.464478611781	0.463427061721	0.460047425106	0.507703040097	0.501646956649	0.497649194286	0.472219274353	0.532043194497	0.474817270255	0.385349675331	0.496009105373	0.418314525247	0.420228855637	0.465229366878	0.458194326397	0.493196815461	0.445989768395	0.462767529129	0.456350166329	0.508720003067	0.459957923664	0.503093804378
DMS53	0.35131324375	0.362790817419	0.344631384275	0.475010190913	0.0	0.336159682861	0.420603649675	0.378749420655	0.359160791947	0.375138795721	0.327657540339	0.346959259465	0.336250213138	0.36263492923	0.481196296438	0.388292506061	0.534724666858	0.406845389496	0.371438518994	0.355209044179	0.343346119664	0.311899393435	0.400911521625	0.339802150146	0.263466607503	0.308404797049	0.507636786556	0.455811130743	0.364211743491	0.507627515833	0.603297462911	0.38014374437	0.33094942434	0.33619374929	0.331630040256	0.328996430894	0.381955815647
H1299	0.279609981482	0.286348340508	0.298325853054	0.485080390678	0.336159682861	0.0	0.342296611389	0.356346733907	0.291769198029	0.309631691327	0.209390117566	0.27572195648	0.355739470799	0.277091180784	0.42133110489	0.242066519426	0.476136957716	0.348724104089	0.300622099011	0.253922026212	0.339077219207	0.27988219034	0.260363155651	0.333594044995	0.253169415064	0.168363061093	0.410294182514	0.406300579137	0.211164127807	0.417265879128	0.484875910651	0.243459324422	0.30238737702	0.218747019802	0.381227265214	0.294003765422	0.313041040686
H1355	0.340183820673	0.339352494843	0.394512596929	0.539298173583	0.420603649675	0.342296611389	0.0	0.400940255481	0.399928774968	0.364154175544	0.348456212877	0.336550208885	0.365661509708	0.28644022571	0.415803271581	0.391670172647	0.493555455676	0.411882777108	0.382715982443	0.302871242091	0.416777848503	0.341052011729	0.365031673219	0.389763710774	0.340570505945	0.31964019397	0.389130675909	0.449231781878	0.353992852441	0.456377848734	0.503845561383	0.363628062041	0.335781047793	0.348908348226	0.448628423897	0.435302316767	0.408803294048
H1437	0.382451763051	0.28611224395	0.353040423998	0.423623234963	0.378749420655	0.356346733907	0.400940255481	0.0	0.355342276676	0.230480189367	0.301639784776	0.335696012178	0.283678565634	0.358673096908	0.309042308835	0.357853951081	0.467236274451	0.410821912303	0.360105789369	0.393593111214	0.371393645183	0.27622083977	0.356270773897	0.327165191312	0.311642575164	0.299266259108	0.407133980368	0.368804172537	0.341155410794	0.48156296959	0.527587286278	0.296884098869	0.275213566316	0.26119280246	0.319271813836	0.347300780085	0.414919486053
H1650	0.314526695417	0.347328319145	0.307306605464	0.495371467095	0.359160791947	0.291769198029	0.399928774968	0.355342276676	0.0	0.26119007305	0.317832948165	0.329248243645	0.329951193215	0.33289794163	0.351484198985	0.223714516396	0.533068257308	0.374823184892	0.272846400308	0.325390418683	0.358690196463	0.286847159196	0.342406605183	0.438058299073	0.311476180006	0.311690458902	0.444609177	0.407839019502	0.336018495374	0.452494973687	0.528511425577	0.311601874776	0.330688326966	0.313386786899	0.375092382305	0.419347499978	0.343653181443
H1666	0.277969642758	0.25104361287	0.270805115876	0.448605676041	0.375138795721	0.309631691327	0.364154175544	0.230480189367	0.26119007305	0.0	0.251502979718	0.274760574573	0.251459944527	0.306233917362	0.359284596341	0.240996064844	0.488137224638	0.410108918449	0.267599211367	0.330786071223	0.330472257778	0.16838286664	0.240303365493	0.257946494826	0.289744074375	0.276824919894	0.409503721774	0.387501228047	0.286439290942	0.4444719992	0.51855640254	0.282870769936	0.235298315936	0.190503574489	0.246439116427	0.26943285412	0.332622596353
H1703	0.284146107365	0.279307685072	0.279634060937	0.445408223261	0.327657540339	0.209390117566	0.348456212877	0.301639784776	0.317832948165	0.251502979718	0.0	0.320935617792	0.293722056	0.268701912599	0.412029556328	0.260387059298	0.456379628534	0.374933963893	0.290284210494	0.260749555586	0.279887276839	0.238924259375	0.305375473881	0.291656514495	0.205984096943	0.226171617387	0.335830429526	0.344446113126	0.207045795242	0.383486437806	0.465077978713	0.234362126969	0.217336533457	0.193305915932	0.276113348929	0.27551651992	0.24088340964
H1734	0.314317263438	0.287178544167	0.226270538329	0.454599923335	0.346959259465	0.27572195648	0.336550208885	0.335696012178	0.329248243645	0.274760574573	0.320935617792	0.0	0.283908880683	0.328661499838	0.352963526424	0.292034008717	0.472737927622	0.347237756039	0.325134489208	0.321098960803	0.311663603989	0.288035091039	0.261203740651	0.263720732035	0.276823002504	0.271874844234	0.412112757195	0.38700706687	0.332421379371	0.435227485841	0.496697672217	0.34076722688	0.269980194864	0.27810329645	0.343367019523	0.256780386809	0.368868232718
H1781	0.356852864716	0.274611337231	0.262087324025	0.496440121297	0.336250213138	0.355739470799	0.365661509708	0.283678565634	0.329951193215	0.251459944527	0.293722056	0.283908880683	0.0	0.339993519151	0.444218051215	0.332586933995	0.554628674085	0.438119717486	0.291267738827	0.39678619506	0.324956462532	0.282293492128	0.284935438199	0.27346265408	0.270647585061	0.312077282365	0.462055208488	0.426829139299	0.333402520163	0.529177446888	0.629622796539	0.363278419908	0.283389667668	0.269163438189	0.207470741386	0.279567056332	0.367326573874
H1792	0.204181350787	0.329587387554	0.358242763457	0.501335485736	0.36263492923	0.277091180784	0.28644022571	0.358673096908	0.33289794163	0.306233917362	0.268701912599	0.328661499838	0.339993519151	0.0	0.409240420239	0.305948434763	0.448609773684	0.382501497857	0.309864433218	0.193731677021	0.364749083995	0.30634621474	0.365865131402	0.397572515021	0.272320013744	0.236538361808	0.371105239464	0.419558701394	0.241907521303	0.425800264557	0.498940466031	0.285903472368	0.303308722008	0.284542909837	0.391224475429	0.432836916073	0.347718636019
H1944	0.403392189824	0.45039460987	0.38789718754	0.506000352227	0.481196296438	0.42133110489	0.415803271581	0.309042308835	0.351484198985	0.359284596341	0.412029556328	0.352963526424	0.444218051215	0.409240420239	0.0	0.356245314124	0.538360828395	0.426306688731	0.391543610356	0.406808183606	0.445685980305	0.395991805011	0.464958008995	0.378654223777	0.424056699267	0.354479831297	0.433585671736	0.415492324674	0.425467377514	0.477311103238	0.477778177992	0.42904128956	0.381785693913	0.427606225231	0.45909990752	0.381214102411	0.488300916707
H1975	0.281976339705	0.308391629409	0.27935409708	0.464478611781	0.388292506061	0.242066519426	0.391670172647	0.357853951081	0.223714516396	0.240996064844	0.260387059298	0.292034008717	0.332586933995	0.305948434763	0.356245314124	0.0	0.532149231844	0.398099700421	0.266838591555	0.332453630658	0.339380759843	0.26888004997	0.25833686173	0.310232737665	0.287312181683	0.236090242012	0.433861298384	0.438573507168	0.277774514188	0.439818847131	0.521211327025	0.27217874436	0.300677483408	0.23075300069	0.30008013583	0.22880997242	0.286644249142
H209	0.515012195276	0.511457115514	0.55984668497	0.463427061721	0.534724666858	0.476136957716	0.493555455676	0.467236274451	0.533068257308	0.488137224638	0.456379628534	0.472737927622	0.554628674085	0.448609773684	0.538360828395	0.532149231844	0.0	0.352709043319	0.556825111418	0.420839370528	0.516761694439	0.513944944078	0.531320562206	0.524731794831	0.428210121858	0.519318603326	0.181961489298	0.240755848941	0.428088026576	0.229198331492	0.272219775561	0.484993188825	0.505906576956	0.498110096913	0.617841991928	0.563705806059	0.575388772886
H2106	0.4285770751	0.437877872315	0.493195453231	0.460047425106	0.406845389496	0.348724104089	0.411882777108	0.410821912303	0.374823184892	0.410108918449	0.374933963893	0.347237756039	0.438119717486	0.382501497857	0.426306688731	0.398099700421	0.352709043319	0.0	0.45075512443	0.342645776846	0.456175825406	0.407876329984	0.386092246883	0.535714748979	0.298213820567	0.315818898299	0.280413099928	0.255443233485	0.362476557409	0.315237316942	0.380370772955	0.425106548745	0.433263104883	0.411801566502	0.56797730316	0.514027498031	0.479835108567
H2228	0.305125730422	0.327697548178	0.293875888472	0.507703040097	0.371438518994	0.300622099011	0.382715982443	0.360105789369	0.272846400308	0.267599211367	0.290284210494	0.325134489208	0.291267738827	0.309864433218	0.391543610356	0.266838591555	0.556825111418	0.45075512443	0.0	0.358958516741	0.319218076466	0.277238039087	0.306165449487	0.311825835036	0.313938869156	0.296056278755	0.468576493412	0.45528990119	0.297815905011	0.484099492555	0.567130304743	0.294253899953	0.265549478991	0.265764405658	0.27279549421	0.303094683743	0.31798207835
H23	0.274470890669	0.338651121001	0.416405678845	0.501646956649	0.355209044179	0.253922026212	0.302871242091	0.393593111214	0.325390418683	0.330786071223	0.260749555586	0.321098960803	0.39678619506	0.193731677021	0.406808183606	0.332453630658	0.420839370528	0.342645776846	0.358958516741	0.0	0.394492844785	0.323048662096	0.364102205087	0.483617480782	0.263056922087	0.271415235673	0.360920743403	0.386053771262	0.24569996159	0.380861008813	0.450255274746	0.29689305294	0.338475706036	0.274327855116	0.497454776712	0.52661204444	0.371038258728
H2342	0.337386412191	0.319330194094	0.306253166871	0.497649194286	0.343346119664	0.339077219207	0.416777848503	0.371393645183	0.358690196463	0.330472257778	0.279887276839	0.311663603989	0.324956462532	0.364749083995	0.445685980305	0.339380759843	0.516761694439	0.456175825406	0.319218076466	0.394492844785	0.0	0.3232219471	0.338777148132	0.309301394068	0.331942456731	0.356296264654	0.446747236618	0.433300236062	0.366275523514	0.479460983612	0.542231754884	0.333653485997	0.283995568738	0.334683435945	0.32620688324	0.304102133806	0.322369329373
H2405	0.288454258697	0.230862217218	0.253971910113	0.472219274353	0.311899393435	0.27988219034	0.341052011729	0.27622083977	0.286847159196	0.16838286664	0.238924259375	0.288035091039	0.282293492128	0.30634621474	0.395991805011	0.26888004997	0.513944944078	0.407876329984	0.277238039087	0.323048662096	0.3232219471	0.0	0.289226385559	0.316612998053	0.249684576953	0.260547361928	0.41420379156	0.394368297852	0.285165564118	0.439593587765	0.55321223095	0.294356629197	0.235853933728	0.20424044289	0.2542031153	0.285526903747	0.287881242862
H358	0.344440988604	0.294697093287	0.288649705655	0.532043194497	0.400911521625	0.260363155651	0.365031673219	0.356270773897	0.342406605183	0.240303365493	0.305375473881	0.261203740651	0.284935438199	0.365865131402	0.464958008995	0.25833686173	0.531320562206	0.386092246883	0.306165449487	0.364102205087	0.338777148132	0.289226385559	0.0	0.253279915438	0.357572852859	0.241853417353	0.423489754029	0.425304784166	0.334538849969	0.501437361448	0.563215879043	0.357906437059	0.275353105295	0.295793785562	0.317748064545	0.234732600482	0.330837272296
H441	0.334299572087	0.321708655453	0.25304668054	0.474817270255	0.339802150146	0.333594044995	0.389763710774	0.327165191312	0.438058299073	0.257946494826	0.291656514495	0.263720732035	0.27346265408	0.397572515021	0.378654223777	0.310232737665	0.524731794831	0.535714748979	0.311825835036	0.483617480782	0.309301394068	0.316612998053	0.253279915438	0.0	0.27855217613	0.315452540703	0.385015242938	0.404437900062	0.395880731461	0.457707516996	0.518261224456	0.335088457875	0.244190117214	0.300621261625	0.219579940867	0.171436935127	0.326039232
H446	0.300669860587	0.298736685618	0.307489601596	0.385349675331	0.263466607503	0.253169415064	0.340570505945	0.311642575164	0.311476180006	0.289744074375	0.205984096943	0.276823002504	0.270647585061	0.272320013744	0.424056699267	0.287312181683	0.428210121858	0.298213820567	0.313938869156	0.263056922087	0.331942456731	0.249684576953	0.357572852859	0.27855217613	0.0	0.230929568441	0.375805149351	0.367847310037	0.238880802506	0.402678571786	0.510485923614	0.287624143031	0.257955791261	0.223645905739	0.301233611202	0.286108616293	0.312042352719
H460	0.248786582872	0.263235078794	0.277809253028	0.496009105373	0.308404797049	0.168363061093	0.31964019397	0.299266259108	0.311690458902	0.276824919894	0.226171617387	0.271874844234	0.312077282365	0.236538361808	0.354479831297	0.236090242012	0.519318603326	0.315818898299	0.296056278755	0.271415235673	0.356296264654	0.260547361928	0.241853417353	0.315452540703	0.230929568441	0.0	0.4009449104	0.400896548397	0.222033026836	0.42534612646	0.521446803557	0.259501698954	0.25242555734	0.217835272692	0.340462023927	0.290557159609	0.318992536119
H524	0.428592882783	0.434485040673	0.466105160836	0.418314525247	0.507636786556	0.410294182514	0.389130675909	0.407133980368	0.444609177	0.409503721774	0.335830429526	0.412112757195	0.462055208488	0.371105239464	0.433585671736	0.433861298384	0.181961489298	0.280413099928	0.468576493412	0.360920743403	0.446747236618	0.41420379156	0.423489754029	0.385015242938	0.375805149351	0.4009449104	0.0	0.215192949947	0.365250830916	0.196142221118	0.224138734436	0.448828286769	0.397156775274	0.41696004565	0.472009269445	0.411961175198	0.442971103987
H526	0.475999587988	0.445671942819	0.436624669123	0.420228855637	0.455811130743	0.406300579137	0.449231781878	0.368804172537	0.407839019502	0.387501228047	0.344446113126	0.38700706687	0.426829139299	0.419558701394	0.415492324674	0.438573507168	0.240755848941	0.255443233485	0.45528990119	0.386053771262	0.433300236062	0.394368297852	0.425304784166	0.404437900062	0.367847310037	0.400896548397	0.215192949947	0.0	0.395448918027	0.280145108431	0.305923935053	0.478286625267	0.398525110286	0.416009277868	0.457272004282	0.3928618102	0.466255146221
H661	0.288288672427	0.291528741728	0.342133145645	0.465229366878	0.364211743491	0.211164127807	0.353992852441	0.341155410794	0.336018495374	0.286439290942	0.207045795242	0.332421379371	0.333402520163	0.241907521303	0.425467377514	0.277774514188	0.428088026576	0.362476557409	0.297815905011	0.24569996159	0.366275523514	0.285165564118	0.334538849969	0.395880731461	0.238880802506	0.222033026836	0.365250830916	0.395448918027	0.0	0.410965413422	0.464181662629	0.260269969187	0.288172505942	0.193355883115	0.411700564243	0.378681625523	0.337404700631
H69	0.45909759594	0.476759775317	0.499428870803	0.458194326397	0.507627515833	0.417265879128	0.456377848734	0.48156296959	0.452494973687	0.4444719992	0.383486437806	0.435227485841	0.529177446888	0.425800264557	0.477311103238	0.439818847131	0.229198331492	0.315237316942	0.484099492555	0.380861008813	0.479460983612	0.439593587765	0.501437361448	0.457707516996	0.402678571786	0.42534612646	0.196142221118	0.280145108431	0.410965413422	0.0	0.258008403529	0.45248059242	0.441616047298	0.443419785011	0.532910290356	0.475569413561	0.502110494397
H82	0.549893118771	0.536352088842	0.571177535602	0.493196815461	0.603297462911	0.484875910651	0.503845561383	0.527587286278	0.528511425577	0.51855640254	0.465077978713	0.496697672217	0.629622796539	0.498940466031	0.477778177992	0.521211327025	0.272219775561	0.380370772955	0.567130304743	0.450255274746	0.542231754884	0.55321223095	0.563215879043	0.518261224456	0.510485923614	0.521446803557	0.224138734436	0.305923935053	0.464181662629	0.258008403529	0.0	0.506647406923	0.520534923545	0.522054913587	0.635521690599	0.540847258734	0.584929380589
H838	0.279124455788	0.296675733364	0.326856214824	0.445989768395	0.38014374437	0.243459324422	0.363628062041	0.296884098869	0.311601874776	0.282870769936	0.234362126969	0.34076722688	0.363278419908	0.285903472368	0.42904128956	0.27217874436	0.484993188825	0.425106548745	0.294253899953	0.29689305294	0.333653485997	0.294356629197	0.357906437059	0.335088457875	0.287624143031	0.259501698954	0.448828286769	0.478286625267	0.260269969187	0.45248059242	0.506647406923	0.0	0.274958610409	0.239606599754	0.348209395332	0.344739589763	0.329744514351
HCC15	0.263739456896	0.267029170224	0.253544827091	0.462767529129	0.33094942434	0.30238737702	0.335781047793	0.275213566316	0.330688326966	0.235298315936	0.217336533457	0.269980194864	0.283389667668	0.303308722008	0.381785693913	0.300677483408	0.505906576956	0.433263104883	0.265549478991	0.338475706036	0.283995568738	0.235853933728	0.275353105295	0.244190117214	0.257955791261	0.25242555734	0.397156775274	0.398525110286	0.288172505942	0.441616047298	0.520534923545	0.274958610409	0.0	0.226903280328	0.258208061327	0.275802436402	0.283611666983
HCC44	0.26682076824	0.185858189392	0.271343601838	0.456350166329	0.33619374929	0.218747019802	0.348908348226	0.26119280246	0.313386786899	0.190503574489	0.193305915932	0.27810329645	0.269163438189	0.284542909837	0.427606225231	0.23075300069	0.498110096913	0.411801566502	0.265764405658	0.274327855116	0.334683435945	0.20424044289	0.295793785562	0.300621261625	0.223645905739	0.217835272692	0.41696004565	0.416009277868	0.193355883115	0.443419785011	0.522054913587	0.239606599754	0.226903280328	0.0	0.261037712146	0.269799873389	0.276852508517
HCC78	0.364933889347	0.295105806459	0.245711093213	0.508720003067	0.331630040256	0.381227265214	0.448628423897	0.319271813836	0.375092382305	0.246439116427	0.276113348929	0.343367019523	0.207470741386	0.391224475429	0.45909990752	0.30008013583	0.617841991928	0.56797730316	0.27279549421	0.497454776712	0.32620688324	0.2542031153	0.317748064545	0.219579940867	0.301233611202	0.340462023927	0.472009269445	0.457272004282	0.411700564243	0.532910290356	0.635521690599	0.348209395332	0.258208061327	0.261037712146	0.0	0.221332690544	0.31907668229
HCC827	0.348051681716	0.305694991186	0.190075610263	0.459957923664	0.328996430894	0.294003765422	0.435302316767	0.347300780085	0.419347499978	0.26943285412	0.27551651992	0.256780386809	0.279567056332	0.432836916073	0.381214102411	0.22880997242	0.563705806059	0.514027498031	0.303094683743	0.52661204444	0.304102133806	0.285526903747	0.234732600482	0.171436935127	0.286108616293	0.290557159609	0.411961175198	0.3928618102	0.378681625523	0.475569413561	0.540847258734	0.344739589763	0.275802436402	0.269799873389	0.221332690544	0.0	0.309082444694
Lou-NH91	0.336117378055	0.325445680399	0.314415519426	0.503093804378	0.381955815647	0.313041040686	0.408803294048	0.414919486053	0.343653181443	0.332622596353	0.24088340964	0.368868232718	0.367326573874	0.347718636019	0.488300916707	0.286644249142	0.575388772886	0.479835108567	0.31798207835	0.371038258728	0.322369329373	0.287881242862	0.330837272296	0.326039232	0.312042352719	0.318992536119	0.442971103987	0.466255146221	0.337404700631	0.502110494397	0.584929380589	0.329744514351	0.283611666983	0.276852508517	0.31907668229	0.309082444694	0.0
