	A549	CAL-12T	Calu-3	DMS153	DMS53	H1299	H1355	H1437	H1650	H1666	H1703	H1734	H1781	H1792	H1944	H1975	H209	H2106	H2228	H23	H2342	H2405	H358	H441	H446	H460	H524	H526	H661	H69	H82	H838	HCC15	HCC44	HCC78	HCC827	Lou-NH91
A549	1.0	0.685084691609	0.705349699747	0.517769938192	0.64868675625	0.720390018518	0.659816179327	0.617548236949	0.685473304583	0.722030357242	0.715853892635	0.685682736562	0.643147135284	0.795818649213	0.596607810176	0.718023660295	0.484987804724	0.5714229249	0.694874269578	0.725529109331	0.662613587809	0.711545741303	0.655559011396	0.665700427913	0.699330139413	0.751213417128	0.571407117217	0.524000412012	0.711711327573	0.54090240406	0.450106881229	0.720875544212	0.736260543104	0.73317923176	0.635066110653	0.651948318284	0.663882621945
CAL-12T	0.685084691609	1.0	0.718713504756	0.480718761207	0.637209182581	0.713651659492	0.660647505157	0.71388775605	0.652671680855	0.74895638713	0.720692314928	0.712821455833	0.725388662769	0.670412612446	0.54960539013	0.691608370591	0.488542884486	0.562122127685	0.672302451822	0.661348878999	0.680669805906	0.769137782782	0.705302906713	0.678291344547	0.701263314382	0.736764921206	0.565514959327	0.554328057181	0.708471258272	0.523240224683	0.463647911158	0.703324266636	0.732970829776	0.814141810608	0.704894193541	0.694305008814	0.674554319601
Calu-3	0.705349699747	0.718713504756	1.0	0.514502381616	0.655368615725	0.701674146946	0.605487403071	0.646959576002	0.692693394536	0.729194884124	0.720365939063	0.773729461671	0.737912675975	0.641757236543	0.61210281246	0.72064590292	0.44015331503	0.506804546769	0.706124111528	0.583594321155	0.693746833129	0.746028089887	0.711350294345	0.74695331946	0.692510398404	0.722190746972	0.533894839164	0.563375330877	0.657866854355	0.500571129197	0.428822464398	0.673143785176	0.746455172909	0.728656398162	0.754288906787	0.809924389737	0.685584480574
DMS153	0.517769938192	0.480718761207	0.514502381616	1.0	0.524989809087	0.514919609322	0.460701826417	0.576376765037	0.504628532905	0.551394323959	0.554591776739	0.545400076665	0.503559878703	0.498664514264	0.493999647773	0.535521388219	0.536572938279	0.539952574894	0.492296959903	0.498353043351	0.502350805714	0.527780725647	0.467956805503	0.525182729745	0.614650324669	0.503990894627	0.581685474753	0.579771144363	0.534770633122	0.541805673603	0.506803184539	0.554010231605	0.537232470871	0.543649833671	0.491279996933	0.540042076336	0.496906195622
DMS53	0.64868675625	0.637209182581	0.655368615725	0.524989809087	1.0	0.663840317139	0.579396350325	0.621250579345	0.640839208053	0.624861204279	0.672342459661	0.653040740535	0.663749786862	0.63736507077	0.518803703562	0.611707493939	0.465275333142	0.593154610504	0.628561481006	0.644790955821	0.656653880336	0.688100606565	0.599088478375	0.660197849854	0.736533392497	0.691595202951	0.492363213444	0.544188869257	0.635788256509	0.492372484167	0.396702537089	0.61985625563	0.66905057566	0.66380625071	0.668369959744	0.671003569106	0.618044184353
H1299	0.720390018518	0.713651659492	0.701674146946	0.514919609322	0.663840317139	1.0	0.657703388611	0.643653266093	0.708230801971	0.690368308673	0.790609882434	0.72427804352	0.644260529201	0.722908819216	0.57866889511	0.757933480574	0.523863042284	0.651275895911	0.699377900989	0.746077973788	0.660922780793	0.72011780966	0.739636844349	0.666405955005	0.746830584936	0.831636938907	0.589705817486	0.593699420863	0.788835872193	0.582734120872	0.515124089349	0.756540675578	0.69761262298	0.781252980198	0.618772734786	0.705996234578	0.686958959314
H1355	0.659816179327	0.660647505157	0.605487403071	0.460701826417	0.579396350325	0.657703388611	1.0	0.599059744519	0.600071225032	0.635845824456	0.651543787123	0.663449791115	0.634338490292	0.71355977429	0.584196728419	0.608329827353	0.506444544324	0.588117222892	0.617284017557	0.697128757909	0.583222151497	0.658947988271	0.634968326781	0.610236289226	0.659429494055	0.68035980603	0.610869324091	0.550768218122	0.646007147559	0.543622151266	0.496154438617	0.636371937959	0.664218952207	0.651091651774	0.551371576103	0.564697683233	0.591196705952
H1437	0.617548236949	0.71388775605	0.646959576002	0.576376765037	0.621250579345	0.643653266093	0.599059744519	1.0	0.644657723324	0.769519810633	0.698360215224	0.664303987822	0.716321434366	0.641326903092	0.690957691165	0.642146048919	0.532763725549	0.589178087697	0.639894210631	0.606406888786	0.628606354817	0.72377916023	0.643729226103	0.672834808688	0.688357424836	0.700733740892	0.592866019632	0.631195827463	0.658844589206	0.51843703041	0.472412713722	0.703115901131	0.724786433684	0.73880719754	0.680728186164	0.652699219915	0.585080513947
H1650	0.685473304583	0.652671680855	0.692693394536	0.504628532905	0.640839208053	0.708230801971	0.600071225032	0.644657723324	1.0	0.73880992695	0.682167051835	0.670751756355	0.670048806785	0.66710205837	0.648515801015	0.776285483604	0.466931742692	0.625176815108	0.727153599692	0.674609581317	0.641309803537	0.713152840804	0.657593394817	0.561941700927	0.688523819994	0.688309541098	0.555390823	0.592160980498	0.663981504626	0.547505026313	0.471488574423	0.688398125224	0.669311673034	0.686613213101	0.624907617695	0.580652500022	0.656346818557
H1666	0.722030357242	0.74895638713	0.729194884124	0.551394323959	0.624861204279	0.690368308673	0.635845824456	0.769519810633	0.73880992695	1.0	0.748497020282	0.725239425427	0.748540055473	0.693766082638	0.640715403659	0.759003935156	0.511862775362	0.589891081551	0.732400788633	0.669213928777	0.669527742222	0.83161713336	0.759696634507	0.742053505174	0.710255925625	0.723175080106	0.590496278226	0.612498771953	0.713560709058	0.5555280008	0.48144359746	0.717129230064	0.764701684064	0.809496425511	0.753560883573	0.73056714588	0.667377403647
H1703	0.715853892635	0.720692314928	0.720365939063	0.554591776739	0.672342459661	0.790609882434	0.651543787123	0.698360215224	0.682167051835	0.748497020282	1.0	0.679064382208	0.706277944	0.731298087401	0.587970443672	0.739612940702	0.543620371466	0.625066036107	0.709715789506	0.739250444414	0.720112723161	0.761075740625	0.694624526119	0.708343485505	0.794015903057	0.773828382613	0.664169570474	0.655553886874	0.792954204758	0.616513562194	0.534922021287	0.765637873031	0.782663466543	0.806694084068	0.723886651071	0.72448348008	0.75911659036
H1734	0.685682736562	0.712821455833	0.773729461671	0.545400076665	0.653040740535	0.72427804352	0.663449791115	0.664303987822	0.670751756355	0.725239425427	0.679064382208	1.0	0.716091119317	0.671338500162	0.647036473576	0.707965991283	0.527262072378	0.652762243961	0.674865510792	0.678901039197	0.688336396011	0.711964908961	0.738796259349	0.736279267965	0.723176997496	0.728125155766	0.587887242805	0.61299293313	0.667578620629	0.564772514159	0.503302327783	0.65923277312	0.730019805136	0.72189670355	0.656632980477	0.743219613191	0.631131767282
H1781	0.643147135284	0.725388662769	0.737912675975	0.503559878703	0.663749786862	0.644260529201	0.634338490292	0.716321434366	0.670048806785	0.748540055473	0.706277944	0.716091119317	1.0	0.660006480849	0.555781948785	0.667413066005	0.445371325915	0.561880282514	0.708732261173	0.60321380494	0.675043537468	0.717706507872	0.715064561801	0.72653734592	0.729352414939	0.687922717635	0.537944791512	0.573170860701	0.666597479837	0.470822553112	0.370377203461	0.636721580092	0.716610332332	0.730836561811	0.792529258614	0.720432943668	0.632673426126
H1792	0.795818649213	0.670412612446	0.641757236543	0.498664514264	0.63736507077	0.722908819216	0.71355977429	0.641326903092	0.66710205837	0.693766082638	0.731298087401	0.671338500162	0.660006480849	1.0	0.590759579761	0.694051565237	0.551390226316	0.617498502143	0.690135566782	0.806268322979	0.635250916005	0.69365378526	0.634134868598	0.602427484979	0.727679986256	0.763461638192	0.628894760536	0.580441298606	0.758092478697	0.574199735443	0.501059533969	0.714096527632	0.696691277992	0.715457090163	0.608775524571	0.567163083927	0.652281363981
H1944	0.596607810176	0.54960539013	0.61210281246	0.493999647773	0.518803703562	0.57866889511	0.584196728419	0.690957691165	0.648515801015	0.640715403659	0.587970443672	0.647036473576	0.555781948785	0.590759579761	1.0	0.643754685876	0.461639171605	0.573693311269	0.608456389644	0.593191816394	0.554314019695	0.604008194989	0.535041991005	0.621345776223	0.575943300733	0.645520168703	0.566414328264	0.584507675326	0.574532622486	0.522688896762	0.522221822008	0.57095871044	0.618214306087	0.572393774769	0.54090009248	0.618785897589	0.511699083293
H1975	0.718023660295	0.691608370591	0.72064590292	0.535521388219	0.611707493939	0.757933480574	0.608329827353	0.642146048919	0.776285483604	0.759003935156	0.739612940702	0.707965991283	0.667413066005	0.694051565237	0.643754685876	1.0	0.467850768156	0.601900299579	0.733161408445	0.667546369342	0.660619240157	0.73111995003	0.74166313827	0.689767262335	0.712687818317	0.763909757988	0.566138701616	0.561426492832	0.722225485812	0.560181152869	0.478788672975	0.72782125564	0.699322516592	0.76924699931	0.69991986417	0.77119002758	0.713355750858
H209	0.484987804724	0.488542884486	0.44015331503	0.536572938279	0.465275333142	0.523863042284	0.506444544324	0.532763725549	0.466931742692	0.511862775362	0.543620371466	0.527262072378	0.445371325915	0.551390226316	0.461639171605	0.467850768156	1.0	0.647290956681	0.443174888582	0.579160629472	0.483238305561	0.486055055922	0.468679437794	0.475268205169	0.571789878142	0.480681396674	0.818038510702	0.759244151059	0.571911973424	0.770801668508	0.727780224439	0.515006811175	0.494093423044	0.501889903087	0.382158008072	0.436294193941	0.424611227114
H2106	0.5714229249	0.562122127685	0.506804546769	0.539952574894	0.593154610504	0.651275895911	0.588117222892	0.589178087697	0.625176815108	0.589891081551	0.625066036107	0.652762243961	0.561880282514	0.617498502143	0.573693311269	0.601900299579	0.647290956681	1.0	0.54924487557	0.657354223154	0.543824174594	0.592123670016	0.613907753117	0.464285251021	0.701786179433	0.684181101701	0.719586900072	0.744556766515	0.637523442591	0.684762683058	0.619629227045	0.574893451255	0.566736895117	0.588198433498	0.43202269684	0.485972501969	0.520164891433
H2228	0.694874269578	0.672302451822	0.706124111528	0.492296959903	0.628561481006	0.699377900989	0.617284017557	0.639894210631	0.727153599692	0.732400788633	0.709715789506	0.674865510792	0.708732261173	0.690135566782	0.608456389644	0.733161408445	0.443174888582	0.54924487557	1.0	0.641041483259	0.680781923534	0.722761960913	0.693834550513	0.688174164964	0.686061130844	0.703943721245	0.531423506588	0.54471009881	0.702184094989	0.515900507445	0.432869695257	0.705746100047	0.734450521009	0.734235594342	0.72720450579	0.696905316257	0.68201792165
H23	0.725529109331	0.661348878999	0.583594321155	0.498353043351	0.644790955821	0.746077973788	0.697128757909	0.606406888786	0.674609581317	0.669213928777	0.739250444414	0.678901039197	0.60321380494	0.806268322979	0.593191816394	0.667546369342	0.579160629472	0.657354223154	0.641041483259	1.0	0.605507155215	0.676951337904	0.635897794913	0.516382519218	0.736943077913	0.728584764327	0.639079256597	0.613946228738	0.75430003841	0.619138991187	0.549744725254	0.70310694706	0.661524293964	0.725672144884	0.502545223288	0.47338795556	0.628961741272
H2342	0.662613587809	0.680669805906	0.693746833129	0.502350805714	0.656653880336	0.660922780793	0.583222151497	0.628606354817	0.641309803537	0.669527742222	0.720112723161	0.688336396011	0.675043537468	0.635250916005	0.554314019695	0.660619240157	0.483238305561	0.543824174594	0.680781923534	0.605507155215	1.0	0.6767780529	0.661222851868	0.690698605932	0.668057543269	0.643703735346	0.553252763382	0.566699763938	0.633724476486	0.520539016388	0.457768245116	0.666346514003	0.716004431262	0.665316564055	0.67379311676	0.695897866194	0.677630670627
H2405	0.711545741303	0.769137782782	0.746028089887	0.527780725647	0.688100606565	0.72011780966	0.658947988271	0.72377916023	0.713152840804	0.83161713336	0.761075740625	0.711964908961	0.717706507872	0.69365378526	0.604008194989	0.73111995003	0.486055055922	0.592123670016	0.722761960913	0.676951337904	0.6767780529	1.0	0.710773614441	0.683387001947	0.750315423047	0.739452638072	0.58579620844	0.605631702148	0.714834435882	0.560406412235	0.44678776905	0.705643370803	0.764146066272	0.79575955711	0.7457968847	0.714473096253	0.712118757138
H358	0.655559011396	0.705302906713	0.711350294345	0.467956805503	0.599088478375	0.739636844349	0.634968326781	0.643729226103	0.657593394817	0.759696634507	0.694624526119	0.738796259349	0.715064561801	0.634134868598	0.535041991005	0.74166313827	0.468679437794	0.613907753117	0.693834550513	0.635897794913	0.661222851868	0.710773614441	1.0	0.746720084562	0.642427147141	0.758146582647	0.576510245971	0.574695215834	0.665461150031	0.498562638552	0.436784120957	0.642093562941	0.724646894705	0.704206214438	0.682251935455	0.765267399518	0.669162727704
H441	0.665700427913	0.678291344547	0.74695331946	0.525182729745	0.660197849854	0.666405955005	0.610236289226	0.672834808688	0.561941700927	0.742053505174	0.708343485505	0.736279267965	0.72653734592	0.602427484979	0.621345776223	0.689767262335	0.475268205169	0.464285251021	0.688174164964	0.516382519218	0.690698605932	0.683387001947	0.746720084562	1.0	0.72144782387	0.684547459297	0.614984757062	0.595562099938	0.604119268539	0.542292483004	0.481738775544	0.664911542125	0.755809882786	0.699378738375	0.780420059133	0.828563064873	0.673960768
H446	0.699330139413	0.701263314382	0.692510398404	0.614650324669	0.736533392497	0.746830584936	0.659429494055	0.688357424836	0.688523819994	0.710255925625	0.794015903057	0.723176997496	0.729352414939	0.727679986256	0.575943300733	0.712687818317	0.571789878142	0.701786179433	0.686061130844	0.736943077913	0.668057543269	0.750315423047	0.642427147141	0.72144782387	1.0	0.769070431559	0.624194850649	0.632152689963	0.761119197494	0.597321428214	0.489514076386	0.712375856969	0.742044208739	0.776354094261	0.698766388798	0.713891383707	0.687957647281
H460	0.751213417128	0.736764921206	0.722190746972	0.503990894627	0.691595202951	0.831636938907	0.68035980603	0.700733740892	0.688309541098	0.723175080106	0.773828382613	0.728125155766	0.687922717635	0.763461638192	0.645520168703	0.763909757988	0.480681396674	0.684181101701	0.703943721245	0.728584764327	0.643703735346	0.739452638072	0.758146582647	0.684547459297	0.769070431559	1.0	0.5990550896	0.599103451603	0.777966973164	0.57465387354	0.478553196443	0.740498301046	0.74757444266	0.782164727308	0.659537976073	0.709442840391	0.681007463881
H524	0.571407117217	0.565514959327	0.533894839164	0.581685474753	0.492363213444	0.589705817486	0.610869324091	0.592866019632	0.555390823	0.590496278226	0.664169570474	0.587887242805	0.537944791512	0.628894760536	0.566414328264	0.566138701616	0.818038510702	0.719586900072	0.531423506588	0.639079256597	0.553252763382	0.58579620844	0.576510245971	0.614984757062	0.624194850649	0.5990550896	1.0	0.784807050053	0.634749169084	0.803857778882	0.775861265564	0.551171713231	0.602843224726	0.58303995435	0.527990730555	0.588038824802	0.557028896013
H526	0.524000412012	0.554328057181	0.563375330877	0.579771144363	0.544188869257	0.593699420863	0.550768218122	0.631195827463	0.592160980498	0.612498771953	0.655553886874	0.61299293313	0.573170860701	0.580441298606	0.584507675326	0.561426492832	0.759244151059	0.744556766515	0.54471009881	0.613946228738	0.566699763938	0.605631702148	0.574695215834	0.595562099938	0.632152689963	0.599103451603	0.784807050053	1.0	0.604551081973	0.719854891569	0.694076064947	0.521713374733	0.601474889714	0.583990722132	0.542727995718	0.6071381898	0.533744853779
H661	0.711711327573	0.708471258272	0.657866854355	0.534770633122	0.635788256509	0.788835872193	0.646007147559	0.658844589206	0.663981504626	0.713560709058	0.792954204758	0.667578620629	0.666597479837	0.758092478697	0.574532622486	0.722225485812	0.571911973424	0.637523442591	0.702184094989	0.75430003841	0.633724476486	0.714834435882	0.665461150031	0.604119268539	0.761119197494	0.777966973164	0.634749169084	0.604551081973	1.0	0.589034586578	0.535818337371	0.739730030813	0.711827494058	0.806644116885	0.588299435757	0.621318374477	0.662595299369
H69	0.54090240406	0.523240224683	0.500571129197	0.541805673603	0.492372484167	0.582734120872	0.543622151266	0.51843703041	0.547505026313	0.5555280008	0.616513562194	0.564772514159	0.470822553112	0.574199735443	0.522688896762	0.560181152869	0.770801668508	0.684762683058	0.515900507445	0.619138991187	0.520539016388	0.560406412235	0.498562638552	0.542292483004	0.597321428214	0.57465387354	0.803857778882	0.719854891569	0.589034586578	1.0	0.741991596471	0.54751940758	0.558383952702	0.556580214989	0.467089709644	0.524430586439	0.497889505603
H82	0.450106881229	0.463647911158	0.428822464398	0.506803184539	0.396702537089	0.515124089349	0.496154438617	0.472412713722	0.471488574423	0.48144359746	0.534922021287	0.503302327783	0.370377203461	0.501059533969	0.522221822008	0.478788672975	0.727780224439	0.619629227045	0.432869695257	0.549744725254	0.457768245116	0.44678776905	0.436784120957	0.481738775544	0.489514076386	0.478553196443	0.775861265564	0.694076064947	0.535818337371	0.741991596471	1.0	0.493352593077	0.479465076455	0.477945086413	0.364478309401	0.459152741266	0.415070619411
H838	0.720875544212	0.703324266636	0.673143785176	0.554010231605	0.61985625563	0.756540675578	0.636371937959	0.703115901131	0.688398125224	0.717129230064	0.765637873031	0.65923277312	0.636721580092	0.714096527632	0.57095871044	0.72782125564	0.515006811175	0.574893451255	0.705746100047	0.70310694706	0.666346514003	0.705643370803	0.642093562941	0.664911542125	0.712375856969	0.740498301046	0.551171713231	0.521713374733	0.739730030813	0.54751940758	0.493352593077	1.0	0.725041389591	0.760393400246	0.651790604668	0.655260410237	0.670255485649
HCC15	0.736260543104	0.732970829776	0.746455172909	0.537232470871	0.66905057566	0.69761262298	0.664218952207	0.724786433684	0.669311673034	0.764701684064	0.782663466543	0.730019805136	0.716610332332	0.696691277992	0.618214306087	0.699322516592	0.494093423044	0.566736895117	0.734450521009	0.661524293964	0.716004431262	0.764146066272	0.724646894705	0.755809882786	0.742044208739	0.74757444266	0.602843224726	0.601474889714	0.711827494058	0.558383952702	0.479465076455	0.725041389591	1.0	0.773096719672	0.741791938673	0.724197563598	0.716388333017
HCC44	0.73317923176	0.814141810608	0.728656398162	0.543649833671	0.66380625071	0.781252980198	0.651091651774	0.73880719754	0.686613213101	0.809496425511	0.806694084068	0.72189670355	0.730836561811	0.715457090163	0.572393774769	0.76924699931	0.501889903087	0.588198433498	0.734235594342	0.725672144884	0.665316564055	0.79575955711	0.704206214438	0.699378738375	0.776354094261	0.782164727308	0.58303995435	0.583990722132	0.806644116885	0.556580214989	0.477945086413	0.760393400246	0.773096719672	1.0	0.738962287854	0.730200126611	0.723147491483
HCC78	0.635066110653	0.704894193541	0.754288906787	0.491279996933	0.668369959744	0.618772734786	0.551371576103	0.680728186164	0.624907617695	0.753560883573	0.723886651071	0.656632980477	0.792529258614	0.608775524571	0.54090009248	0.69991986417	0.382158008072	0.43202269684	0.72720450579	0.502545223288	0.67379311676	0.7457968847	0.682251935455	0.780420059133	0.698766388798	0.659537976073	0.527990730555	0.542727995718	0.588299435757	0.467089709644	0.364478309401	0.651790604668	0.741791938673	0.738962287854	1.0	0.778667309456	0.68092331771
HCC827	0.651948318284	0.694305008814	0.809924389737	0.540042076336	0.671003569106	0.705996234578	0.564697683233	0.652699219915	0.580652500022	0.73056714588	0.72448348008	0.743219613191	0.720432943668	0.567163083927	0.618785897589	0.77119002758	0.436294193941	0.485972501969	0.696905316257	0.47338795556	0.695897866194	0.714473096253	0.765267399518	0.828563064873	0.713891383707	0.709442840391	0.588038824802	0.6071381898	0.621318374477	0.524430586439	0.459152741266	0.655260410237	0.724197563598	0.730200126611	0.778667309456	1.0	0.690917555306
Lou-NH91	0.663882621945	0.674554319601	0.685584480574	0.496906195622	0.618044184353	0.686958959314	0.591196705952	0.585080513947	0.656346818557	0.667377403647	0.75911659036	0.631131767282	0.632673426126	0.652281363981	0.511699083293	0.713355750858	0.424611227114	0.520164891433	0.68201792165	0.628961741272	0.677630670627	0.712118757138	0.669162727704	0.673960768	0.687957647281	0.681007463881	0.557028896013	0.533744853779	0.662595299369	0.497889505603	0.415070619411	0.670255485649	0.716388333017	0.723147491483	0.68092331771	0.690917555306	1.0
