	A549	CAL-12T	Calu-3	DMS153	DMS53	DMS79	H128	H1299	H1355	H1417	H1437_plex_8	H1437_plex_9	H1650	H1666	H1703	H1734	H1781	H1792	H1944	H1975	H2073_plex_6	H2073_plex_9	H209_plex_1	H209_plex_9	H2106	H2228	H2342	H23	H2405	H3122	H358	H441	H446	H460	H524	H526	H661	H69	H82	H838	HCC15	HCC44	HCC78	HCC827	Lou-NH91
A549	0.0	0.674367408618	0.535206886386	0.939148439281	0.686853930563	0.735139881864	0.750329275008	0.504474111871	0.54245342142	0.737001192936	0.768127297074	0.613414780073	0.553936453854	0.592038155278	0.57052959558	0.547176473866	0.60316804399	0.189085472688	0.614846343227	0.524324062848	0.680198974758	0.591764331133	0.737895555828	0.799036982729	0.653872497428	0.597771597799	0.659882781504	0.294024181925	0.600348222073	0.647665766934	0.54275497517	0.258769683759	0.710508604514	0.493950753359	0.782045189301	0.808349702476	0.579875124502	0.828489085191	0.895748925554	0.582593440326	0.596193750902	0.606804892177	0.646545282006	0.561854468698	0.764919753113
CAL-12T	0.674367408618	0.0	0.637200433641	0.692317418875	0.631222362817	0.611009341253	0.614193390761	0.615177143208	0.587160237815	0.659147508261	0.228738635697	0.628815982902	0.640581200668	0.546690585109	0.598318660778	0.591967874126	0.559299137796	0.645340121515	0.666244418216	0.667921210516	0.53255551601	0.633140959084	0.623696085248	0.717078055857	0.646565769964	0.537541500396	0.537890546117	0.635550748708	0.289658938126	0.535756267782	0.621016159795	0.715215910074	0.598562645861	0.625539039585	0.613134773778	0.663132431436	0.714729448691	0.671642026234	0.706512895229	0.567147208294	0.516135542459	0.199983993425	0.544439251142	0.70259404169	0.558758381334
Calu-3	0.535206886386	0.637200433641	0.0	0.894957744059	0.668426135025	0.700519274948	0.739373516501	0.541056546676	0.675915719361	0.739416395423	0.713437396437	0.602002812249	0.28869577061	0.603524090787	0.565082281132	0.486940678805	0.555458222967	0.565638855355	0.611121352905	0.243156703066	0.594688533378	0.577588516073	0.71259870219	0.808461067145	0.501531050161	0.584578832726	0.608874467666	0.615624851996	0.571336158268	0.618686721456	0.533591550744	0.513536305401	0.678740628942	0.536724370903	0.750488018808	0.751823072462	0.636823277394	0.803908736303	0.852688058338	0.611606796987	0.571112955324	0.59982346191	0.563784160106	0.171957690101	0.709737522845
DMS153	0.939148439281	0.692317418875	0.894957744059	0.0	0.727923956442	0.69622032903	0.649464728858	0.922339261631	0.73065729245	0.738106958258	0.638607510164	0.862049099907	0.862985753663	0.951389313574	0.864118223206	0.864828026715	0.854015086113	0.888682309163	0.844607273815	0.904527842421	0.745742926771	0.923676428174	0.707344962412	0.595160539942	0.793095209988	0.75566571662	0.688757489101	0.864987536802	0.772356678445	0.75697604764	0.918424454363	0.943282510985	0.65605314764	0.953277672776	0.634855323496	0.677096556497	1.00328358286	0.631066660394	0.617915353699	0.730006823734	0.719759989602	0.738973363818	0.765646122198	0.934151219341	0.606504380968
DMS53	0.686853930563	0.631222362817	0.668426135025	0.727923956442	0.0	0.55919306029	0.569417677185	0.663064968302	0.655293929881	0.565021425781	0.629377071498	0.673479819727	0.645939544335	0.711340818019	0.655538353878	0.651864813746	0.630353126557	0.672984084166	0.709754922523	0.704914204686	0.612561403423	0.710915649687	0.594118436656	0.806972965836	0.691764029822	0.61373132311	0.57936935551	0.67524882863	0.605867461939	0.650467267592	0.691778178957	0.727167185672	0.235786151728	0.676686023061	0.604906709711	0.41190200135	0.766275664007	0.442969593093	0.514682351728	0.636518596193	0.599399578824	0.610687249459	0.609788754901	0.727128280765	0.63961370855
DMS79	0.735139881864	0.611009341253	0.700519274948	0.69622032903	0.55919306029	0.0	0.176389293737	0.710773393053	0.624056550761	0.23898523418	0.574458115609	0.657925384691	0.675599967082	0.717782185798	0.65371943382	0.656230463299	0.632904355918	0.672937112704	0.688699026386	0.726046117254	0.581756075993	0.714487241003	0.185310102665	0.657973996303	0.615564541502	0.632404328778	0.607528294936	0.659871658908	0.611346586701	0.612485208566	0.707151524066	0.739658121694	0.529278042012	0.722069819078	0.233454725862	0.471240213573	0.77909570387	0.539924465683	0.615782052845	0.669754607291	0.601198949267	0.605536369448	0.637790632111	0.752118324154	0.616903702622
H128	0.750329275008	0.614193390761	0.739373516501	0.649464728858	0.569417677185	0.176389293737	0.0	0.718219060374	0.636296832418	0.220171707273	0.570713696322	0.676703656592	0.685106532617	0.736348737497	0.674935474969	0.708881903244	0.699471416347	0.693286863561	0.695575537186	0.731672055766	0.601923758177	0.720964709875	0.182106640753	0.618875953887	0.634538612749	0.64555774361	0.613004291441	0.683124700068	0.629391348214	0.64146569969	0.730424005199	0.763670252431	0.530295478391	0.748319820804	0.135062134344	0.468089052355	0.805766752113	0.472380092087	0.539097348201	0.660822705765	0.609535330411	0.61584198805	0.66006946915	0.775101300881	0.615837909432
H1299	0.504474111871	0.615177143208	0.541056546676	0.922339261631	0.663064968302	0.710773393053	0.718219060374	0.0	0.618803699019	0.714406217974	0.706170119415	0.571292367318	0.519721734061	0.562010274377	0.495487204736	0.257056547893	0.580397802061	0.491815121179	0.406360956454	0.502833443588	0.641833321416	0.561852885268	0.704307096871	0.732514054191	0.569687711978	0.56528218794	0.629943122941	0.485192041641	0.542443611338	0.618024170144	0.233027618751	0.587541902142	0.667699000176	0.142340938667	0.75751154309	0.747851315566	0.520095655766	0.799672525613	0.859994352297	0.525645591229	0.590516418989	0.522290028257	0.647696088809	0.579393220518	0.729288440317
H1355	0.54245342142	0.587160237815	0.675915719361	0.73065729245	0.655293929881	0.624056550761	0.636296832418	0.618803699019	0.0	0.662445381292	0.608497140803	0.660309316782	0.642083128096	0.712552672563	0.638889288283	0.603147538541	0.612405423174	0.407444655509	0.622709256189	0.682767641653	0.592203799456	0.686145853935	0.631242254158	0.722325913355	0.61765556537	0.584883167928	0.608934989253	0.366561890835	0.604656565979	0.584092083564	0.631912680876	0.592815201388	0.634861415322	0.630202517913	0.648668039006	0.66696484746	0.742381711385	0.674007806445	0.703501486426	0.625106265271	0.570028279552	0.59570653294	0.63959885614	0.736012965572	0.631322845498
H1417	0.737001192936	0.659147508261	0.739416395423	0.738106958258	0.565021425781	0.23898523418	0.220171707273	0.714406217974	0.662445381292	0.0	0.626240961452	0.707079518823	0.702475971355	0.747889573262	0.694125099074	0.692552035616	0.693452010254	0.692473477217	0.718653063927	0.759036745418	0.636112022217	0.761592406912	0.236350623876	0.683256976534	0.668381851214	0.653534023707	0.611764597179	0.685170320254	0.650099089361	0.659486791693	0.725691959003	0.767123804941	0.580672539805	0.759140586937	0.286515914129	0.533661647973	0.808071900944	0.566014733786	0.636835833791	0.681629282713	0.64096041189	0.648912930837	0.673768186574	0.786828675237	0.651608383743
H1437_plex_8	0.768127297074	0.228738635697	0.713437396437	0.638607510164	0.629377071498	0.574458115609	0.570713696322	0.706170119415	0.608497140803	0.626240961452	0.0	0.579976336675	0.674053615161	0.642246614831	0.663109799485	0.657916922461	0.593386532854	0.703702371661	0.607607727245	0.741991444578	0.525194037568	0.710408230949	0.595759893831	0.730178331977	0.639321681546	0.558753006839	0.558728293102	0.703666505031	0.355917078354	0.540119389908	0.695981210132	0.771673162617	0.592218945444	0.697141516492	0.584055655408	0.607202619858	0.811773571882	0.646257578984	0.672660414509	0.647472609831	0.524210617961	0.290398013518	0.561756706811	0.77484039021	0.553033019717
H1437_plex_9	0.613414780073	0.628815982902	0.602002812249	0.862049099907	0.673479819727	0.657925384691	0.676703656592	0.571292367318	0.660309316782	0.707079518823	0.579976336675	0.0	0.566272447136	0.541386284072	0.535049697277	0.567688690026	0.548188403515	0.588260220233	0.549380799118	0.585599834227	0.561593876109	0.165178805036	0.6772781008	0.553367228822	0.633274560784	0.58835349808	0.613437755791	0.608054915853	0.574640277769	0.573215494726	0.567012566626	0.623470079483	0.66644473183	0.545373754754	0.715595357434	0.704309259916	0.618259734768	0.771919876798	0.813455823169	0.258145823747	0.545208000835	0.567055786573	0.585628539478	0.637435996148	0.726513634234
H1650	0.553936453854	0.640581200668	0.28869577061	0.862985753663	0.645939544335	0.675599967082	0.685106532617	0.519721734061	0.642083128096	0.702475971355	0.674053615161	0.566272447136	0.0	0.574005266138	0.563266285465	0.532863561346	0.575978836487	0.546309964535	0.569270163572	0.217434283641	0.649038359624	0.60569088071	0.704923552011	0.748933206318	0.377295821009	0.538436582978	0.60930767984	0.546902997647	0.555797597932	0.618018795672	0.549841253972	0.629315738124	0.65373977553	0.539068401086	0.728397310052	0.709091821848	0.637648321262	0.761206207764	0.821650256673	0.564506037044	0.586604082307	0.588978162574	0.61335238293	0.398234943837	0.691261230493
H1666	0.592038155278	0.546690585109	0.603524090787	0.951389313574	0.711340818019	0.717782185798	0.736348737497	0.562010274377	0.712552672563	0.747889573262	0.642246614831	0.541386284072	0.574005266138	0.0	0.549134511434	0.559775737946	0.530281080458	0.598335203063	0.62578115027	0.586814786541	0.625709235991	0.544283095393	0.736926404377	0.801983946324	0.6966514115	0.577084627822	0.66744579612	0.617240287344	0.254645558275	0.574546050987	0.536821161103	0.623118299321	0.707941556309	0.549741564603	0.776666491089	0.77511177332	0.569231823849	0.826509071906	0.873367400308	0.57309350162	0.593081794382	0.355722854041	0.58238532287	0.645023912132	0.77399014458
H1703	0.57052959558	0.598318660778	0.565082281132	0.864118223206	0.655538353878	0.65371943382	0.674935474969	0.495487204736	0.638889288283	0.694125099074	0.663109799485	0.535049697277	0.563266285465	0.549134511434	0.0	0.567637852247	0.529080013911	0.541814071819	0.639686522693	0.551670404905	0.318241104301	0.521720157144	0.669849328055	0.734191529713	0.61257353793	0.544259316356	0.403020757459	0.539553803015	0.522036883476	0.570141901269	0.552471357058	0.632178960221	0.623006412362	0.515827855145	0.701160032626	0.695268948393	0.523571158579	0.744914647558	0.801774178957	0.503943931378	0.310652904635	0.499229434926	0.56299940001	0.608606550752	0.560047807647
H1734	0.547176473866	0.591967874126	0.486940678805	0.864828026715	0.651864813746	0.656230463299	0.708881903244	0.257056547893	0.603147538541	0.692552035616	0.657916922461	0.567688690026	0.532863561346	0.559775737946	0.567637852247	0.0	0.532622949049	0.540189827568	0.33945260821	0.529727628599	0.612447950175	0.573925950664	0.677907776395	0.725815306655	0.54649443863	0.565959998033	0.58084542041	0.540115770804	0.540673228205	0.55432882956	0.24302706661	0.570013377226	0.655442706761	0.256711213093	0.731488937557	0.710308815104	0.597795681466	0.772782173469	0.824491245791	0.58696929136	0.545592280697	0.545936229479	0.607678733531	0.559119194052	0.707695232534
H1781	0.60316804399	0.559299137796	0.555458222967	0.854015086113	0.630353126557	0.632904355918	0.699471416347	0.580397802061	0.612405423174	0.693452010254	0.593386532854	0.548188403515	0.575978836487	0.530281080458	0.529080013911	0.532622949049	0.0	0.584401601773	0.638637519378	0.600231335621	0.524558368079	0.567719314105	0.679644583809	0.796723720434	0.641055221176	0.32200939881	0.571004543419	0.604046763312	0.519985083493	0.220249364496	0.534612803642	0.59373037981	0.624994139837	0.56956869315	0.724142859565	0.710740371547	0.378945830684	0.773168305327	0.83327238012	0.592130560211	0.532485289871	0.514376751278	0.231777273027	0.606108569443	0.674912397269
H1792	0.189085472688	0.645340121515	0.565638855355	0.888682309163	0.672984084166	0.672937112704	0.693286863561	0.491815121179	0.407444655509	0.692473477217	0.703702371661	0.588260220233	0.546309964535	0.598335203063	0.541814071819	0.540189827568	0.584401601773	0.0	0.596097136335	0.533556075628	0.655018819684	0.607076717372	0.671661817571	0.738945908745	0.594372592853	0.578062217494	0.634489767706	0.193468682666	0.583398798174	0.630124167328	0.548305731025	0.352295376688	0.675903569039	0.479403677286	0.732863588089	0.752791278934	0.575819557372	0.784968174642	0.847759909688	0.558026705421	0.581480044156	0.583874123163	0.641366053315	0.615077906361	0.719760872125
H1944	0.614846343227	0.666244418216	0.611121352905	0.844607273815	0.709754922523	0.688699026386	0.695575537186	0.406360956454	0.622709256189	0.718653063927	0.607607727245	0.549380799118	0.569270163572	0.62578115027	0.639686522693	0.33945260821	0.638637519378	0.596097136335	0.0	0.598924763278	0.646436443468	0.6223422538	0.694613553129	0.743556980199	0.610098626678	0.591471803704	0.647399030084	0.592925879572	0.60326234298	0.609411481735	0.444928389039	0.643791484463	0.706057972935	0.350482538242	0.720328763442	0.699370748119	0.688320524192	0.758401935394	0.773946437119	0.635168806918	0.604470376733	0.627546133052	0.662561522423	0.656181098769	0.730698463866
H1975	0.524324062848	0.667921210516	0.243156703066	0.904527842421	0.704914204686	0.726046117254	0.731672055766	0.502833443588	0.682767641653	0.759036745418	0.741991444578	0.585599834227	0.217434283641	0.586814786541	0.551670404905	0.529727628599	0.600231335621	0.533556075628	0.598924763278	0.0	0.64090073931	0.559678388703	0.743820315804	0.774537945591	0.424342191743	0.582884199776	0.647081914258	0.566011556009	0.589695759155	0.627272397521	0.513285619239	0.538338324039	0.687938598329	0.505274636992	0.76659442546	0.771937205975	0.592549483961	0.801007523044	0.85923598254	0.574284313928	0.614623712713	0.590340395703	0.609663357762	0.18659055094	0.726766926905
H2073_plex_6	0.680198974758	0.53255551601	0.594688533378	0.745742926771	0.612561403423	0.581756075993	0.601923758177	0.641833321416	0.592203799456	0.636112022217	0.525194037568	0.561593876109	0.649038359624	0.625709235991	0.318241104301	0.612447950175	0.524558368079	0.655018819684	0.646436443468	0.64090073931	0.0	0.5029543934	0.599610194478	0.791136651072	0.681306081508	0.538231360608	0.30470457541	0.661470448859	0.533079684912	0.503967238747	0.603284277959	0.654104212643	0.575519551468	0.646483446854	0.608778812093	0.615347199703	0.703480695126	0.656712904403	0.686250930982	0.579093604513	0.177876964924	0.503292189475	0.496187241989	0.637178681893	0.337750540838
H2073_plex_9	0.591764331133	0.633140959084	0.577588516073	0.923676428174	0.710915649687	0.714487241003	0.720964709875	0.561852885268	0.686145853935	0.761592406912	0.710408230949	0.165178805036	0.60569088071	0.544283095393	0.521720157144	0.573925950664	0.567719314105	0.607076717372	0.6223422538	0.559678388703	0.5029543934	0.0	0.722368239572	0.618716157176	0.686053306551	0.611795944335	0.649898395299	0.626095612677	0.567276314118	0.588042984284	0.545976214449	0.609159442485	0.70026161095	0.555111735157	0.747759543984	0.766076650514	0.598311727878	0.794013811647	0.842397802853	0.242687745754	0.563508072111	0.561301271179	0.598457104927	0.596015636732	0.772638223232
H209_plex_1	0.737895555828	0.623696085248	0.71259870219	0.707344962412	0.594118436656	0.185310102665	0.182106640753	0.704307096871	0.631242254158	0.236350623876	0.595759893831	0.6772781008	0.704923552011	0.736926404377	0.669849328055	0.677907776395	0.679644583809	0.671661817571	0.694613553129	0.743820315804	0.599610194478	0.722368239572	0.0	0.563893004931	0.631059131026	0.654106017639	0.615452963963	0.671391734917	0.64435433976	0.629700994842	0.711647928788	0.75492552701	0.565476910551	0.736661453128	0.208194254657	0.46354619769	0.786651014199	0.478678227556	0.549565093069	0.681309997997	0.602520719843	0.623057822489	0.657677872231	0.772114109402	0.636137259902
H209_plex_9	0.799036982729	0.717078055857	0.808461067145	0.595160539942	0.806972965836	0.657973996303	0.618875953887	0.732514054191	0.722325913355	0.683256976534	0.730178331977	0.553367228822	0.748933206318	0.801983946324	0.734191529713	0.725815306655	0.796723720434	0.738945908745	0.743556980199	0.774537945591	0.791136651072	0.618716157176	0.563893004931	0.0	0.605698751003	0.742774034033	0.70964301119	0.699655950246	0.747660545528	0.725521401234	0.767443616362	0.840899259266	0.752902690818	0.774686281512	0.63002798901	0.635039349935	0.790781115392	0.633081111477	0.679217607351	0.509809136144	0.724082110377	0.725079519409	0.814006782576	0.839271160192	0.753584020809
H2106	0.653872497428	0.646565769964	0.501531050161	0.793095209988	0.691764029822	0.615564541502	0.634538612749	0.569687711978	0.61765556537	0.668381851214	0.639321681546	0.633274560784	0.377295821009	0.6966514115	0.61257353793	0.54649443863	0.641055221176	0.594372592853	0.610098626678	0.424342191743	0.681306081508	0.686053306551	0.631059131026	0.605698751003	0.0	0.631112779796	0.642273306912	0.561601349286	0.621015071376	0.626577837641	0.588417443378	0.72570959687	0.673295858584	0.559211708965	0.675722931783	0.641564194826	0.68394317444	0.715532090944	0.783158509957	0.633283405404	0.629377553821	0.621551684434	0.717444872027	0.5484840851	0.70849706214
H2228	0.597771597799	0.537541500396	0.584578832726	0.75566571662	0.61373132311	0.632404328778	0.64555774361	0.56528218794	0.584883167928	0.653534023707	0.558753006839	0.58835349808	0.538436582978	0.577084627822	0.544259316356	0.565959998033	0.32200939881	0.578062217494	0.591471803704	0.582884199776	0.538231360608	0.611795944335	0.654106017639	0.742774034033	0.631112779796	0.0	0.529654509217	0.583316297218	0.496047581339	0.280914719097	0.564483920823	0.636770641449	0.601243336939	0.585283889197	0.676528877519	0.668986844247	0.52245017502	0.687758046953	0.737813556235	0.540497445468	0.491338867481	0.47976092064	0.272289809632	0.644111595645	0.574593644398
H2342	0.659882781504	0.537890546117	0.608874467666	0.688757489101	0.57936935551	0.607528294936	0.613004291441	0.629943122941	0.608934989253	0.611764597179	0.558728293102	0.613437755791	0.60930767984	0.66744579612	0.403020757459	0.58084542041	0.571004543419	0.634489767706	0.647399030084	0.647081914258	0.30470457541	0.649898395299	0.615452963963	0.70964301119	0.642273306912	0.529654509217	0.0	0.640731238633	0.558175359081	0.557476994313	0.615973154103	0.677410155328	0.572596049953	0.658722469925	0.623823966876	0.614129434222	0.730413102049	0.639482142208	0.671500823363	0.57459153343	0.274100299678	0.551518969213	0.55558697306	0.665599009059	0.317613910938
H23	0.294024181925	0.635550748708	0.615624851996	0.864987536802	0.67524882863	0.659871658908	0.683124700068	0.485192041641	0.366561890835	0.685170320254	0.703666505031	0.608054915853	0.546902997647	0.617240287344	0.539553803015	0.540115770804	0.604046763312	0.193468682666	0.592925879572	0.566011556009	0.661470448859	0.626095612677	0.671391734917	0.699655950246	0.561601349286	0.583316297218	0.640731238633	0.0	0.586764406928	0.614091852084	0.556858022438	0.47822655916	0.679004884968	0.510837457542	0.724023039101	0.733837707501	0.581373388059	0.762926022611	0.82646749467	0.564892815086	0.595429863057	0.566973031217	0.68505320986	0.690983974239	0.71145242456
H2405	0.600348222073	0.289658938126	0.571336158268	0.772356678445	0.605867461939	0.611346586701	0.629391348214	0.542443611338	0.604656565979	0.650099089361	0.355917078354	0.574640277769	0.555797597932	0.254645558275	0.522036883476	0.540673228205	0.519985083493	0.583398798174	0.60326234298	0.589695759155	0.533079684912	0.567276314118	0.64435433976	0.747660545528	0.621015071376	0.496047581339	0.558175359081	0.586764406928	0.0	0.537208537047	0.554628482758	0.657106117378	0.590942036963	0.548318039193	0.654452702248	0.672280264985	0.625856853977	0.703297929029	0.768266123919	0.544151177793	0.498301906572	0.215292381582	0.507353725811	0.644400883513	0.598916458121
H3122	0.647665766934	0.535756267782	0.618686721456	0.75697604764	0.650467267592	0.612485208566	0.64146569969	0.618024170144	0.584092083564	0.659486791693	0.540119389908	0.573215494726	0.618018795672	0.574546050987	0.570141901269	0.55432882956	0.220249364496	0.630124167328	0.609411481735	0.627272397521	0.503967238747	0.588042984284	0.629700994842	0.725521401234	0.626577837641	0.280914719097	0.557476994313	0.614091852084	0.537208537047	0.0	0.540925720133	0.644655722519	0.624542992163	0.637276645708	0.668074314046	0.655039792549	0.519325469548	0.699742893069	0.746023822291	0.603604780034	0.505078010334	0.508115692455	0.275233956267	0.652869454461	0.630320186342
H358	0.54275497517	0.621016159795	0.533591550744	0.918424454363	0.691778178957	0.707151524066	0.730424005199	0.233027618751	0.631912680876	0.725691959003	0.695981210132	0.567012566626	0.549841253972	0.536821161103	0.552471357058	0.24302706661	0.534612803642	0.548305731025	0.444928389039	0.513285619239	0.603284277959	0.545976214449	0.711647928788	0.767443616362	0.588417443378	0.564483920823	0.615973154103	0.556858022438	0.554628482758	0.540925720133	0.0	0.545004081859	0.708644449142	0.217457034037	0.753812548149	0.743081786808	0.582365747653	0.819253354772	0.869878283112	0.59339279464	0.562315270775	0.575552218165	0.602975203399	0.549706925873	0.71757807037
H441	0.258769683759	0.715215910074	0.513536305401	0.943282510985	0.727167185672	0.739658121694	0.763670252431	0.587541902142	0.592815201388	0.767123804941	0.771673162617	0.623470079483	0.629315738124	0.623118299321	0.632178960221	0.570013377226	0.59373037981	0.352295376688	0.643791484463	0.538338324039	0.654104212643	0.609159442485	0.75492552701	0.840899259266	0.72570959687	0.636770641449	0.677410155328	0.47822655916	0.657106117378	0.644655722519	0.545004081859	0.0	0.737025689369	0.583474210612	0.794336036067	0.804804428231	0.658697041897	0.842530207167	0.881979873215	0.65717605539	0.627276163581	0.666840456462	0.600961767117	0.468376097128	0.77083476298
H446	0.710508604514	0.598562645861	0.678740628942	0.65605314764	0.235786151728	0.529278042012	0.530295478391	0.667699000176	0.634861415322	0.580672539805	0.592218945444	0.66644473183	0.65373977553	0.707941556309	0.623006412362	0.655442706761	0.624994139837	0.675903569039	0.706057972935	0.687938598329	0.575519551468	0.70026161095	0.565476910551	0.752902690818	0.673295858584	0.601243336939	0.572596049953	0.679004884968	0.590942036963	0.624542992163	0.708644449142	0.737025689369	0.0	0.687904892954	0.528305676534	0.322697286528	0.760238415006	0.320481197055	0.38474944933	0.603462893856	0.566192695376	0.563770469487	0.602292909636	0.735736104754	0.589603993911
H460	0.493950753359	0.625539039585	0.536724370903	0.953277672776	0.676686023061	0.722069819078	0.748319820804	0.142340938667	0.630202517913	0.759140586937	0.697141516492	0.545373754754	0.539068401086	0.549741564603	0.515827855145	0.256711213093	0.56956869315	0.479403677286	0.350482538242	0.505274636992	0.646483446854	0.555111735157	0.736661453128	0.774686281512	0.559211708965	0.585283889197	0.658722469925	0.510837457542	0.548318039193	0.637276645708	0.217457034037	0.583474210612	0.687904892954	0.0	0.783030111743	0.772990537236	0.530759470404	0.831741806572	0.902732459136	0.549606392665	0.576445370793	0.543999853296	0.643904438582	0.582664425861	0.754817571644
H524	0.782045189301	0.613134773778	0.750488018808	0.634855323496	0.604906709711	0.233454725862	0.135062134344	0.75751154309	0.648668039006	0.286515914129	0.584055655408	0.715595357434	0.728397310052	0.776666491089	0.701160032626	0.731488937557	0.724142859565	0.732863588089	0.720328763442	0.76659442546	0.608778812093	0.747759543984	0.208194254657	0.63002798901	0.675722931783	0.676528877519	0.623823966876	0.724023039101	0.654452702248	0.668074314046	0.753812548149	0.794336036067	0.528305676534	0.783030111743	0.0	0.476293284909	0.835701069365	0.441233732564	0.479243552827	0.67686784902	0.621517266641	0.626095080243	0.678385524256	0.791790053411	0.606058917193
H526	0.808349702476	0.663132431436	0.751823072462	0.677096556497	0.41190200135	0.471240213573	0.468089052355	0.747851315566	0.66696484746	0.533661647973	0.607202619858	0.704309259916	0.709091821848	0.77511177332	0.695268948393	0.710308815104	0.710740371547	0.752791278934	0.699370748119	0.771937205975	0.615347199703	0.766076650514	0.46354619769	0.635039349935	0.641564194826	0.668986844247	0.614129434222	0.733837707501	0.672280264985	0.655039792549	0.743081786808	0.804804428231	0.322697286528	0.772990537236	0.476293284909	0.0	0.852079515913	0.248555419139	0.280475910602	0.702984079263	0.627288201213	0.664000927806	0.675092517518	0.795931379519	0.635141493236
H661	0.579875124502	0.714729448691	0.636823277394	1.00328358286	0.766275664007	0.77909570387	0.805766752113	0.520095655766	0.742381711385	0.808071900944	0.811773571882	0.618259734768	0.637648321262	0.569231823849	0.523571158579	0.597795681466	0.378945830684	0.575819557372	0.688320524192	0.592549483961	0.703480695126	0.598311727878	0.786651014199	0.790781115392	0.68394317444	0.52245017502	0.730413102049	0.581373388059	0.625856853977	0.519325469548	0.582365747653	0.658697041897	0.760238415006	0.530759470404	0.835701069365	0.852079515913	0.0	0.889915927984	0.940878323525	0.603200773451	0.662779583603	0.59408175407	0.584810462075	0.658405521854	0.850644848581
H69	0.828489085191	0.671642026234	0.803908736303	0.631066660394	0.442969593093	0.539924465683	0.472380092087	0.799672525613	0.674007806445	0.566014733786	0.646257578984	0.771919876798	0.761206207764	0.826509071906	0.744914647558	0.772782173469	0.773168305327	0.784968174642	0.758401935394	0.801007523044	0.656712904403	0.794013811647	0.478678227556	0.633081111477	0.715532090944	0.687758046953	0.639482142208	0.762926022611	0.703297929029	0.699742893069	0.819253354772	0.842530207167	0.320481197055	0.831741806572	0.441233732564	0.248555419139	0.889915927984	0.0	0.197087117895	0.705481483019	0.655679296273	0.682259176076	0.702354651263	0.849501913113	0.633913434902
H82	0.895748925554	0.706512895229	0.852688058338	0.617915353699	0.514682351728	0.615782052845	0.539097348201	0.859994352297	0.703501486426	0.636835833791	0.672660414509	0.813455823169	0.821650256673	0.873367400308	0.801774178957	0.824491245791	0.83327238012	0.847759909688	0.773946437119	0.85923598254	0.686250930982	0.842397802853	0.549565093069	0.679217607351	0.783158509957	0.737813556235	0.671500823363	0.82646749467	0.768266123919	0.746023822291	0.869878283112	0.881979873215	0.38474944933	0.902732459136	0.479243552827	0.280475910602	0.940878323525	0.197087117895	0.0	0.750538939415	0.697501190629	0.732023155676	0.744745777284	0.888529201666	0.657218224715
H838	0.582593440326	0.567147208294	0.611606796987	0.730006823734	0.636518596193	0.669754607291	0.660822705765	0.525645591229	0.625106265271	0.681629282713	0.647472609831	0.258145823747	0.564506037044	0.57309350162	0.503943931378	0.58696929136	0.592130560211	0.558026705421	0.635168806918	0.574284313928	0.579093604513	0.242687745754	0.681309997997	0.509809136144	0.633283405404	0.540497445468	0.57459153343	0.564892815086	0.544151177793	0.603604780034	0.59339279464	0.65717605539	0.603462893856	0.549606392665	0.67686784902	0.702984079263	0.603200773451	0.705481483019	0.750538939415	0.0	0.527936526826	0.505776309094	0.598019400309	0.662775351346	0.64839530808
HCC15	0.596193750902	0.516135542459	0.571112955324	0.719759989602	0.599399578824	0.601198949267	0.609535330411	0.590516418989	0.570028279552	0.64096041189	0.524210617961	0.545208000835	0.586604082307	0.593081794382	0.310652904635	0.545592280697	0.532485289871	0.581480044156	0.604470376733	0.614623712713	0.177876964924	0.563508072111	0.602520719843	0.724082110377	0.629377553821	0.491338867481	0.274100299678	0.595429863057	0.498301906572	0.505078010334	0.562315270775	0.627276163581	0.566192695376	0.576445370793	0.621517266641	0.627288201213	0.662779583603	0.655679296273	0.697501190629	0.527936526826	0.0	0.482308809957	0.510988797142	0.642058866428	0.319879538866
HCC44	0.606804892177	0.199983993425	0.59982346191	0.738973363818	0.610687249459	0.605536369448	0.61584198805	0.522290028257	0.59570653294	0.648912930837	0.290398013518	0.567055786573	0.588978162574	0.355722854041	0.499229434926	0.545936229479	0.514376751278	0.583874123163	0.627546133052	0.590340395703	0.503292189475	0.561301271179	0.623057822489	0.725079519409	0.621551684434	0.47976092064	0.551518969213	0.566973031217	0.215292381582	0.508115692455	0.575552218165	0.666840456462	0.563770469487	0.543999853296	0.626095080243	0.664000927806	0.59408175407	0.682259176076	0.732023155676	0.505776309094	0.482308809957	0.0	0.504863293946	0.656182521528	0.566638219953
HCC78	0.646545282006	0.544439251142	0.563784160106	0.765646122198	0.609788754901	0.637790632111	0.66006946915	0.647696088809	0.63959885614	0.673768186574	0.561756706811	0.585628539478	0.61335238293	0.58238532287	0.56299940001	0.607678733531	0.231777273027	0.641366053315	0.662561522423	0.609663357762	0.496187241989	0.598457104927	0.657677872231	0.814006782576	0.717444872027	0.272289809632	0.55558697306	0.68505320986	0.507353725811	0.275233956267	0.602975203399	0.600961767117	0.602292909636	0.643904438582	0.678385524256	0.675092517518	0.584810462075	0.702354651263	0.744745777284	0.598019400309	0.510988797142	0.504863293946	0.0	0.606162833546	0.590362753487
HCC827	0.561854468698	0.70259404169	0.171957690101	0.934151219341	0.727128280765	0.752118324154	0.775101300881	0.579393220518	0.736012965572	0.786828675237	0.77484039021	0.637435996148	0.398234943837	0.645023912132	0.608606550752	0.559119194052	0.606108569443	0.615077906361	0.656181098769	0.18659055094	0.637178681893	0.596015636732	0.772114109402	0.839271160192	0.5484840851	0.644111595645	0.665599009059	0.690983974239	0.644400883513	0.652869454461	0.549706925873	0.468376097128	0.735736104754	0.582664425861	0.791790053411	0.795931379519	0.658405521854	0.849501913113	0.888529201666	0.662775351346	0.642058866428	0.656182521528	0.606162833546	0.0	0.765595780398
Lou-NH91	0.764919753113	0.558758381334	0.709737522845	0.606504380968	0.63961370855	0.616903702622	0.615837909432	0.729288440317	0.631322845498	0.651608383743	0.553033019717	0.726513634234	0.691261230493	0.77399014458	0.560047807647	0.707695232534	0.674912397269	0.719760872125	0.730698463866	0.726766926905	0.337750540838	0.772638223232	0.636137259902	0.753584020809	0.70849706214	0.574593644398	0.317613910938	0.71145242456	0.598916458121	0.630320186342	0.71757807037	0.77083476298	0.589603993911	0.754817571644	0.606058917193	0.635141493236	0.850644848581	0.633913434902	0.657218224715	0.64839530808	0.319879538866	0.566638219953	0.590362753487	0.765595780398	0.0
